Epoch	AverageEpRet	StdEpRet	MaxEpRet	MinEpRet	EpLen	AverageVVals	StdVVals	MaxVVals	MinVVals	TotalEnvInteracts	LossPi	LossV	DeltaLossPi	DeltaLossV	Entropy	KL	ClipFrac	StopIter	Time
0	-100281.91	144061.94	-21733.037	-844514.9	100.0	-0.36310336	2.9802322e-08	-0.3631034	-0.3631034	5000	1.4305114e-08	7032668000.0	-0.0010466247	-287232.0	2.7437842	0.0043538413	0.036	79.0	3.977451801300049
1	-1093491.2	6840805.5	-13232.747	-48965716.0	100.0	-4.085997	4.7683716e-07	-4.0859966	-4.0859966	10000	-2.7656555e-09	16718600000000.0	-0.0018339133	-14680064.0	2.7265208	0.015510327	0.212	9.0	7.1477415561676025
2	-102574.62	316676.5	-22667.256	-2286522.8	100.0	-21.427868	0.0	-21.427868	-21.427868	15000	-8.392334e-09	4069802500.0	-0.0031785339	-198400.0	2.718968	0.0073815673	0.0914	79.0	10.74809193611145
3	-72996.81	79299.836	-14197.928	-396941.16	100.0	-26.25405	1.9073486e-06	-26.254047	-26.254047	20000	-1.2207031e-08	2243337700.0	-0.003548848	-147712.0	2.7704387	0.0034813122	0.0446	79.0	14.350662231445312
4	-12824398000.0	89770220000.0	-11570.151	-641215950000.0	100.0	-29.153376	1.9073486e-06	-29.153374	-29.153374	25000	3.871918e-08	6.8382896e+20	-0.0022492022	0.0	2.7269058	0.017291272	0.2326	15.0	17.07340979576111
5	-1312502.0	7730280.5	-17396.44	-55326320.0	100.0	-121.27895	7.6293945e-06	-121.27896	-121.27896	30000	-1.01089475e-08	5189971500000.0	-0.0017889541	-5767168.0	2.7297447	0.016437726	0.264	13.0	20.298992395401
6	-53573.49	70834.77	-10529.625	-473763.53	100.0	-135.5824	0.0	-135.5824	-135.5824	35000	5.531311e-09	2008420500.0	-0.00324937	-512.0	2.7268374	0.007904004	0.0746	79.0	23.834656715393066
7	-113159.06	260421.53	-9568.449	-1380149.0	100.0	-135.59203	0.0	-135.59203	-135.59203	40000	-6.2942505e-09	15012300000.0	-0.003494478	-3072.0	2.8034081	0.008738979	0.1012	79.0	27.40951919555664
8	-46092.26	47759.26	-10682.0205	-271611.94	100.0	-135.59755	1.5258789e-05	-135.59756	-135.59756	45000	1.9645691e-08	1047846400.0	-0.0028644188	-128.0	2.8572297	0.0038011933	0.0542	79.0	30.967986822128296
9	-2988432.0	19840134.0	-8580.209	-141799900.0	100.0	-135.60071	3.0517578e-05	-135.60074	-135.60074	50000	-8.392334e-09	155540710000000.0	-0.0021766282	0.0	2.8633509	0.004733623	0.0382	79.0	34.49469542503357
10	-286585.22	863626.94	-7379.6577	-4462145.0	100.0	-135.88293	1.5258789e-05	-135.88295	-135.88295	55000	-2.3937226e-08	275748000000.0	-0.0035869735	0.0	2.8269544	0.0040799626	0.0734	79.0	38.14941072463989
11	-54322606000.0	380257960000.0	-4763.2236	-2716128200000.0	100.0	-135.94366	0.0	-135.94366	-135.94366	60000	3.499985e-07	4.7005056e+22	-0.0014256998	0.0	2.8301802	0.008818179	0.0906	79.0	41.59428405761719
12	-98676.88	240867.81	-5904.088	-1536073.1	100.0	-462.6727	0.0	-462.6727	-462.6727	65000	2.2125244e-08	12679227000.0	-0.0025928856	-2874368.0	2.7941227	0.008397248	0.0642	79.0	44.893166065216064
13	-702316.4	2931230.8	-6363.6157	-18386736.0	100.0	-508.21396	3.0517578e-05	-508.214	-508.214	70000	9.155274e-09	1708496400000.0	-0.0033563278	0.0	2.8581178	0.018570464	0.311	10.0	47.895901918411255
14	-316643.75	1448272.9	-8528.748	-9896888.0	100.0	-508.22815	3.0517578e-05	-508.22818	-508.22818	75000	8.5830687e-10	367307000000.0	-0.0026747019	0.0	2.844039	0.016466763	0.2656	10.0	50.868008613586426
15	-374843.62	2307406.2	-4251.708	-16514378.0	100.0	-508.22845	6.1035156e-05	-508.2284	-508.2284	80000	8.5830687e-10	1210668200000.0	-0.002177681	0.0	2.8278458	0.009244843	0.1396	79.0	54.42985653877258
16	-2955166.0	20396250.0	-3912.4048	-145728020.0	100.0	-508.22845	6.1035156e-05	-508.2284	-508.2284	85000	-1.8882751e-08	145560130000000.0	-0.002840106	0.0	2.8726325	0.010289992	0.1626	79.0	58.10498833656311
17	-193489.86	666511.75	-4572.4976	-3945591.5	100.0	-508.2629	0.0	-508.2629	-508.2629	90000	-5.722046e-09	145236540000.0	-0.0020490107	0.0	2.9055629	0.016373746	0.2082	12.0	61.27784609794617
18	-223050.02	1138389.4	-3120.175	-8119003.5	100.0	-508.2676	6.1035156e-05	-508.26767	-508.26767	95000	6.866455e-09	306318180000.0	-0.002773077	0.0	2.8456895	0.019332169	0.3116	11.0	64.4970133304596
19	-62249.387	275521.62	-2013.4712	-1968045.1	100.0	-508.2676	6.1035156e-05	-508.26767	-508.26767	100000	-9.107589e-09	25601059000.0	-0.0045627155	0.0	2.8364875	0.022026943	0.3074	7.0	67.75908493995667
20	-18153114.0	126942880.0	-1995.5897	-906753200.0	100.0	-508.2676	6.1035156e-05	-508.26767	-508.26767	105000	2.861023e-09	3741891500000000.0	-0.0017028915	0.0	2.861439	0.016804101	0.235	12.0	71.23329210281372
21	-548655.25	3632297.0	-1889.8387	-25955816.0	100.0	-508.4167	3.0517578e-05	-508.41672	-508.41672	110000	5.722046e-10	5275252000000.0	-0.0019439859	0.0	2.8299403	0.014948159	0.215	15.0	74.50997281074524
22	-29402.89	150531.61	-1073.1224	-1082409.9	100.0	-508.4467	3.0517578e-05	-508.44666	-508.44666	115000	-5.2452087e-09	7309835000.0	-0.0018379979	0.0	2.7931058	0.015390227	0.2236	18.0	77.74637579917908
23	-26548.07	132814.2	-1351.5942	-952232.7	100.0	-508.4474	3.0517578e-05	-508.44742	-508.44742	120000	-8.010864e-09	7678599700.0	-0.0020485208	0.0	2.802517	0.0052746763	0.1168	79.0	81.3249499797821
24	-18021.748	46828.26	-928.1658	-242709.22	100.0	-508.4474	3.0517578e-05	-508.44742	-508.44742	125000	-3.4332275e-09	832134500.0	-0.0041249814	0.0	2.8099883	0.0048655616	0.0772	79.0	84.96542382240295
25	-24899.748	102064.875	-841.864	-659090.0	100.0	-508.4474	3.0517578e-05	-508.44742	-508.44742	130000	-2.0503998e-08	3054290400.0	-0.0022829266	0.0	2.751701	0.008025956	0.0804	79.0	88.55506730079651
26	-21430.305	107010.01	-747.022	-756871.06	100.0	-508.4474	3.0517578e-05	-508.44742	-508.44742	135000	-8.5830685e-09	2658551000.0	-0.0035133513	0.0	2.8031485	0.005946021	0.0838	79.0	92.07134819030762
27	-32970.18	199844.1	-608.32825	-1431433.1	100.0	-508.4474	3.0517578e-05	-508.44742	-508.44742	140000	8.106232e-09	16818712000.0	-0.0035836343	0.0	2.7806506	0.009661428	0.1082	79.0	95.68708157539368
28	-6851.5254	15329.506	-895.4465	-91447.46	100.0	-508.4474	3.0517578e-05	-508.44742	-508.44742	145000	1.4209747e-08	105546000.0	-0.0047623925	0.0	2.7805905	0.007366323	0.0834	79.0	99.2648823261261
29	-13019.268	60586.926	-725.74146	-435643.97	100.0	-508.4474	3.0517578e-05	-508.44742	-508.44742	150000	1.6021728e-08	692790460.0	-0.0043807994	0.0	2.8347044	0.009748132	0.083	79.0	102.87226605415344
30	-7381.3027	25355.55	-638.34326	-174116.11	100.0	-508.4474	3.0517578e-05	-508.44742	-508.44742	155000	8.9645384e-09	40451652.0	-0.0025671134	0.0	2.7535741	0.022293005	0.2944	9.0	106.27491736412048
31	-99969.19	681317.44	-504.7572	-4869149.0	100.0	-508.4474	3.0517578e-05	-508.44742	-508.44742	160000	-1.4972686e-08	185380180000.0	-0.0031969212	0.0	2.727773	0.019294031	0.315	10.0	109.53051233291626
32	-2820.2803	3678.8523	-588.90845	-19636.902	100.0	-508.4474	3.0517578e-05	-508.44742	-508.44742	165000	-2.746582e-08	4172935.2	-0.0027151126	0.0	2.7283986	0.0054952432	0.0308	79.0	113.09059739112854
33	-4183.7227	5778.035	-709.13135	-30262.236	100.0	-508.4474	3.0517578e-05	-508.44742	-508.44742	170000	1.9454957e-08	12389746.0	-0.0017733322	0.0	2.756479	0.003858374	0.0278	79.0	116.70002698898315
34	-2872.5254	5086.485	-496.13583	-32893.586	100.0	-508.4474	3.0517578e-05	-508.44742	-508.44742	175000	-2.117157e-08	10965251.0	-0.002699429	0.0	2.727486	0.006199347	0.037	79.0	120.33900237083435
35	-2897.1216	3489.8179	-519.11646	-19841.969	100.0	-508.4474	3.0517578e-05	-508.44742	-508.44742	180000	-3.1280518e-08	4741925.5	-0.0038492775	0.0	2.7066753	0.007125177	0.0538	79.0	123.85867476463318
36	-2872.166	4917.821	-443.2638	-26358.66	100.0	-508.4474	3.0517578e-05	-508.44742	-508.44742	185000	1.1444092e-09	4009139.0	-0.0022972259	0.0	2.6137877	0.007663214	0.0772	79.0	127.4758026599884
37	-3470.4497	11602.846	-411.3068	-83528.625	100.0	-508.4474	3.0517578e-05	-508.44742	-508.44742	190000	3.8146974e-09	52734760.0	-0.00112305	0.0	2.648402	0.005104893	0.042	79.0	131.06081652641296
38	-6350.588	35757.637	-398.22443	-256599.8	100.0	-508.4474	3.0517578e-05	-508.44742	-508.44742	195000	-5.5789946e-09	97867680.0	-0.0013543422	0.0	2.620382	0.01788864	0.2492	15.0	134.40767192840576
39	-4558.08	23619.646	-347.54218	-169581.44	100.0	-508.4474	3.0517578e-05	-508.44742	-508.44742	200000	-1.6212464e-09	227975100.0	-0.0024904772	0.0	2.6527493	0.016171476	0.2188	15.0	137.70778584480286
40	-1464.8348	1923.4775	-328.52872	-9598.207	100.0	-508.4474	3.0517578e-05	-508.44742	-508.44742	205000	-4.196167e-09	759175.8	-0.002581144	0.0	2.6767836	0.0051340032	0.045	79.0	141.55497670173645
41	-5786.788	22678.414	-268.3983	-120021.93	100.0	-508.4474	3.0517578e-05	-508.44742	-508.44742	210000	5.817413e-09	96498700.0	-0.0017263188	0.0	2.6523335	0.0150359925	0.2288	12.0	144.7926926612854
42	-792.9139	522.6249	-256.89752	-2999.702	100.0	-508.4474	3.0517578e-05	-508.44742	-508.44742	215000	-1.1444092e-08	153650.31	-0.004176563	0.0	2.644197	0.0036861615	0.0496	79.0	148.45905828475952
43	-1229.722	2002.1495	-272.46533	-13198.534	100.0	-508.4474	3.0517578e-05	-508.44742	-508.44742	220000	-4.9591065e-09	1286136.0	-0.0050906106	0.0	2.639034	0.008234311	0.065	79.0	152.08745741844177
44	-785.82654	817.1115	-226.32245	-5285.8896	100.0	-508.4474	3.0517578e-05	-508.44742	-508.44742	225000	4.577637e-09	300573.94	-0.0030183801	0.0	2.5881813	0.004086195	0.0494	79.0	155.60763382911682
45	-819.86664	1223.2745	-226.21227	-7653.5864	100.0	-508.4474	3.0517578e-05	-508.44742	-508.44742	230000	9.918213e-09	490048.25	-0.0010402959	0.0	2.5481417	0.0052797697	0.0286	79.0	159.22641801834106
46	-844.92096	1201.7969	-254.95543	-7350.318	100.0	-508.4474	3.0517578e-05	-508.44742	-508.44742	235000	6.866455e-09	479509.66	-0.0032081497	0.0	2.5008993	0.009213454	0.0654	79.0	162.8057897090912
47	-805.39343	1246.4233	-222.36507	-6849.65	100.0	-508.4474	3.0517578e-05	-508.44742	-508.44742	240000	3.089905e-08	325107.03	-0.0035557332	0.0	2.487197	0.0014908985	0.0526	79.0	166.4363992214203
48	-669.341	1261.2828	-234.6983	-9034.05	100.0	-508.4474	3.0517578e-05	-508.44742	-508.44742	245000	-9.536743e-09	268107.22	-0.0027217395	0.0	2.4731781	0.0085604405	0.0498	79.0	170.0155827999115
49	-390.10327	323.3991	-208.0239	-2420.8794	100.0	-508.4474	3.0517578e-05	-508.44742	-508.44742	250000	-4.9972535e-08	171853.23	-0.00222467	0.0	2.4148223	0.004135527	0.0286	79.0	173.59289574623108
50	-479.6173	495.20673	-216.8906	-2953.2065	100.0	-508.4474	3.0517578e-05	-508.44742	-508.44742	255000	-8.010864e-09	187458.0	-0.0010866264	0.0	2.3556118	0.007006424	0.026	79.0	177.44189071655273
51	-821.585	2260.3545	-214.68593	-12463.713	100.0	-508.4474	3.0517578e-05	-508.44742	-508.44742	260000	-1.1444092e-08	1275999.4	-0.0049593193	0.0	2.3890684	0.029081196	0.3824	5.0	180.65058827400208
52	-316.67834	187.7979	-189.42186	-1250.696	100.0	-508.4474	3.0517578e-05	-508.44742	-508.44742	265000	-1.5258789e-09	165198.05	-0.003136328	0.0	2.365523	0.0059175384	0.0304	79.0	184.31621932983398
53	-279.15598	188.78395	-183.26834	-1283.6257	100.0	-508.4474	3.0517578e-05	-508.44742	-508.44742	270000	-6.713867e-08	179096.7	-0.0013807747	0.0	2.3815293	0.0014335747	0.0086	79.0	187.90836834907532
54	-392.50513	579.7306	-176.40472	-3855.5715	100.0	-508.4474	3.0517578e-05	-508.44742	-508.44742	275000	-5.340576e-09	249498.19	-0.0069512185	0.0	2.344318	0.0065169	0.0804	79.0	191.5115613937378
55	-226.79079	47.57576	-174.62436	-356.66464	100.0	-508.4474	3.0517578e-05	-508.44742	-508.44742	280000	-3.3569336e-08	178495.11	-0.0014195435	0.0	2.249549	0.002312143	0.0156	79.0	195.08489513397217
56	-849.4819	4377.344	-175.71886	-31484.219	100.0	-508.4474	3.0517578e-05	-508.44742	-508.44742	285000	8.487701e-09	6602753.0	-0.0014154067	0.0	2.2253315	0.0074589616	0.055	79.0	198.67891693115234
57	-338.74496	718.79755	-172.71208	-5262.7354	100.0	-508.4474	3.0517578e-05	-508.44742	-508.44742	290000	-5.340576e-09	310650.3	-0.002485722	0.0	2.1814694	0.0029521158	0.037	79.0	202.2597861289978
58	-325.87622	882.91266	-166.72932	-6497.4634	100.0	-508.4474	3.0517578e-05	-508.44742	-508.44742	295000	-1.6403199e-08	272673.03	-0.0042475555	0.0	2.1895993	0.0059181293	0.0718	79.0	205.91148495674133
59	-214.38991	136.7789	-165.9182	-1135.1101	100.0	-508.4474	3.0517578e-05	-508.44742	-508.44742	300000	1.373291e-08	190543.52	-0.0034247749	0.0	2.2078073	0.005734148	0.0392	79.0	209.46618819236755
60	-201.23563	66.58358	-163.82341	-597.51764	100.0	-508.4474	3.0517578e-05	-508.44742	-508.44742	305000	6.0272214e-08	187551.33	-0.0036734513	0.0	2.169709	0.0039652134	0.0372	79.0	213.29967164993286
61	-187.14984	31.017275	-162.4574	-359.3285	100.0	-508.4474	3.0517578e-05	-508.44742	-508.44742	310000	-3.8146974e-09	191856.89	-0.0022549934	0.0	2.1998415	0.006160136	0.0298	79.0	216.9325451850891
62	-177.92824	17.249374	-158.33748	-241.25636	100.0	-508.4474	3.0517578e-05	-508.44742	-508.44742	315000	-4.8065186e-08	195514.44	-0.0031959938	0.0	2.1555173	0.005755222	0.0296	79.0	220.56577920913696
63	-208.2888	135.31645	-153.14908	-1089.8362	100.0	-508.4474	3.0517578e-05	-508.44742	-508.44742	320000	-7.5531005e-08	192124.7	-0.0016147308	0.0	2.206298	0.0021766208	0.0186	79.0	224.0662477016449
64	-199.7821	114.463066	-158.16217	-968.1706	100.0	-508.4474	3.0517578e-05	-508.44742	-508.44742	325000	4.348755e-08	191419.44	-0.0022142518	0.0	2.1985996	0.003060864	0.029	79.0	227.63505339622498
65	-197.1496	124.32795	-159.34471	-983.8187	100.0	-508.4474	3.0517578e-05	-508.44742	-508.44742	330000	4.7302247e-08	193546.38	-0.0023962616	0.0	2.172525	0.003438118	0.0228	79.0	231.22812795639038
66	-173.24875	12.066503	-159.24022	-217.16612	100.0	-508.4474	3.0517578e-05	-508.44742	-508.44742	335000	-1.373291e-08	197051.48	-0.0033039514	0.0	2.2035391	0.005754467	0.0436	79.0	234.9026393890381
67	-169.46887	9.805203	-151.98123	-214.97687	100.0	-508.4474	3.0517578e-05	-508.44742	-508.44742	340000	9.07898e-08	198290.89	-0.0027146547	0.0	2.1465461	0.0049380795	0.0322	79.0	238.53249144554138
68	-178.73921	55.19758	-154.4042	-554.4903	100.0	-508.4474	3.0517578e-05	-508.44742	-508.44742	345000	5.9509276e-08	196529.44	-0.002070485	0.0	2.1423616	0.005422256	0.0206	79.0	242.10552978515625
69	-173.73373	28.612741	-157.61423	-355.66373	100.0	-508.4474	3.0517578e-05	-508.44742	-508.44742	350000	-9.536743e-08	197834.02	-0.0012413941	0.0	2.1481063	0.004539151	0.015	79.0	245.7458620071411
70	-181.21329	47.337	-153.28809	-405.3115	100.0	-508.4474	3.0517578e-05	-508.44742	-508.44742	355000	4.043579e-08	195779.5	-0.0026246645	0.0	2.1541378	0.003583203	0.0242	79.0	249.57273054122925
71	-168.60068	7.482407	-153.8327	-184.45058	100.0	-508.4474	3.0517578e-05	-508.44742	-508.44742	360000	-2.6702882e-08	198596.39	-0.001064714	0.0	2.1495738	0.0034853378	0.008	79.0	253.2277352809906
72	-173.76103	22.785465	-159.61435	-317.06802	100.0	-508.4474	3.0517578e-05	-508.44742	-508.44742	365000	-4.9591065e-08	197840.8	-0.0026000526	0.0	2.1657324	0.0037377346	0.0322	79.0	256.8672344684601
73	-171.29059	11.052268	-157.93816	-219.01186	100.0	-508.4474	3.0517578e-05	-508.44742	-508.44742	370000	3.4332274e-08	197464.95	-0.0018652092	0.0	2.1765783	0.0015895423	0.0188	79.0	260.42715549468994
74	-178.994	54.067307	-150.355	-539.40076	100.0	-508.4474	3.0517578e-05	-508.44742	-508.44742	375000	1.0681152e-08	195168.97	-0.0008637848	0.0	2.187022	0.0030717438	0.0088	79.0	264.0830874443054
75	-174.74358	36.946995	-152.0771	-340.9647	100.0	-508.4474	3.0517578e-05	-508.44742	-508.44742	380000	-1.0375977e-07	198228.27	-0.0012461365	0.0	2.146132	0.0038264245	0.0188	79.0	267.7463757991791
76	-162.64891	7.0700493	-149.75352	-186.56755	100.0	-508.4474	3.0517578e-05	-508.44742	-508.44742	385000	-6.942749e-08	200450.55	-0.0023328247	0.0	2.1079547	0.004618396	0.0308	79.0	271.0321054458618
77	-166.0584	7.9950624	-151.74417	-192.70752	100.0	-508.4474	3.0517578e-05	-508.44742	-508.44742	390000	2.2888185e-09	199121.33	-0.0017388436	0.0	2.1400578	0.0027912247	0.0212	79.0	274.13919615745544
78	-165.39182	9.087205	-153.80174	-211.8588	100.0	-508.4474	3.0517578e-05	-508.44742	-508.44742	395000	-1.8310548e-08	199807.11	-0.001469661	0.0	2.1576915	0.005935276	0.0202	79.0	277.6715543270111
79	-179.66216	121.08914	-147.58694	-1021.3008	100.0	-508.4474	3.0517578e-05	-508.44742	-508.44742	400000	-3.8909914e-08	196836.86	-0.0011158867	0.0	2.0896013	0.0019021264	0.008	79.0	281.2385516166687
80	-162.57538	11.95591	-150.71187	-211.56285	100.0	-508.4474	3.0517578e-05	-508.44742	-508.44742	405000	-6.17981e-08	200374.7	-0.0016556061	0.0	2.111455	0.003509172	0.0262	79.0	285.1819384098053
81	-165.75098	25.476599	-150.42566	-335.99774	100.0	-508.4474	3.0517578e-05	-508.44742	-508.44742	410000	-1.2969971e-08	199776.4	-0.0016351418	0.0	2.0990884	0.0021137807	0.0124	79.0	288.7403771877289
82	-172.91559	69.32324	-149.511	-644.3224	100.0	-508.4474	3.0517578e-05	-508.44742	-508.44742	415000	-3.0517577e-09	197246.69	-0.0013821519	0.0	2.074801	0.003307269	0.0198	79.0	292.3884778022766
83	-162.32526	10.817795	-149.67998	-224.6514	100.0	-508.4474	3.0517578e-05	-508.44742	-508.44742	420000	0.0	200943.05	-0.0016297706	0.0	2.0269663	0.0044362983	0.0208	79.0	296.0703320503235
84	-160.6255	8.557701	-147.95694	-201.01634	100.0	-508.4474	3.0517578e-05	-508.44742	-508.44742	425000	3.6621095e-08	201352.39	-0.0026514854	0.0	2.0161333	0.0063506276	0.034	79.0	299.7018766403198
85	-161.05638	7.7194624	-151.42088	-194.17271	100.0	-508.4474	3.0517578e-05	-508.44742	-508.44742	430000	-2.2125244e-08	201066.31	-0.0016767845	0.0	2.0055552	0.0027417205	0.0216	79.0	303.24610781669617
86	-161.56477	14.015684	-150.4331	-251.59442	100.0	-508.4474	3.0517578e-05	-508.44742	-508.44742	435000	-6.408691e-08	201302.94	-0.00063984067	0.0	1.983032	0.005021395	0.0118	79.0	306.81487107276917
87	-160.41432	10.71783	-147.14972	-222.02002	100.0	-508.4474	3.0517578e-05	-508.44742	-508.44742	440000	5.7220458e-08	201262.17	-0.0034994804	0.0	1.9491968	0.0048124962	0.0422	79.0	310.46006417274475
88	-165.2045	28.051992	-148.47882	-350.47626	100.0	-508.4474	3.0517578e-05	-508.44742	-508.44742	445000	1.1444092e-08	199436.6	-0.003227449	0.0	1.9178873	0.0050909487	0.0352	79.0	314.0611934661865
89	-159.78287	5.195273	-151.8076	-172.81584	100.0	-508.4474	3.0517578e-05	-508.44742	-508.44742	450000	-1.0070801e-07	201203.36	-0.0049100867	0.0	1.9070305	0.0055485144	0.0532	79.0	317.6591763496399
90	-169.07033	20.12875	-153.30522	-296.98367	100.0	-508.4474	3.0517578e-05	-508.44742	-508.44742	455000	-1.0681152e-08	198156.23	-0.002611888	0.0	1.956425	0.0052753245	0.0268	79.0	321.6451497077942
91	-177.16544	91.087074	-149.98021	-813.0637	100.0	-508.4474	3.0517578e-05	-508.44742	-508.44742	460000	-1.1062622e-07	200403.31	-0.0029335557	0.0	1.959662	0.0046482156	0.03	79.0	325.17599964141846
92	-160.90181	11.825337	-149.98535	-234.96846	100.0	-508.4474	3.0517578e-05	-508.44742	-508.44742	465000	1.2207032e-07	201218.08	-0.0034417945	0.0	1.9303731	0.004531067	0.0388	79.0	328.7635934352875
93	-157.82051	4.509935	-148.54396	-168.84715	100.0	-508.4474	3.0517578e-05	-508.44742	-508.44742	470000	3.6621095e-08	202179.08	-0.002318222	0.0	1.861364	0.004062641	0.0254	79.0	332.35961413383484
94	-156.06055	4.4766207	-147.11371	-170.04942	100.0	-508.4474	3.0517578e-05	-508.44742	-508.44742	475000	2.4414062e-08	202699.06	-0.0025788858	0.0	1.8409168	0.0038892839	0.0296	79.0	335.9880747795105
95	-155.25372	4.535188	-146.70044	-168.7267	100.0	-508.4474	3.0517578e-05	-508.44742	-508.44742	480000	-4.6539306e-08	202901.33	-0.0032791106	0.0	1.772535	0.0040264428	0.0348	79.0	339.62521839141846
96	-155.78389	4.3202643	-149.15182	-167.85504	100.0	-508.4474	3.0517578e-05	-508.44742	-508.44742	485000	1.04522705e-07	202645.72	-0.0023127075	0.0	1.781525	0.0038068648	0.026	79.0	343.1986083984375
97	-163.90157	40.305412	-148.82288	-442.5722	100.0	-508.4474	3.0517578e-05	-508.44742	-508.44742	490000	-1.5792847e-07	199435.86	-0.0018886711	0.0	1.8310258	0.0024388249	0.0198	79.0	346.7969822883606
98	-156.7384	4.9933443	-149.74149	-170.73262	100.0	-508.4474	3.0517578e-05	-508.44742	-508.44742	495000	-5.7220458e-08	202570.05	-0.0019449897	0.0	1.8021454	0.00024453524	0.0238	79.0	350.36013889312744
99	-155.80292	4.145305	-148.53824	-170.24803	100.0	-508.4474	3.0517578e-05	-508.44742	-508.44742	500000	1.373291e-08	202751.28	-0.0012692566	0.0	1.7836511	0.00062625424	0.0142	79.0	353.9677047729492
100	-153.90141	4.078787	-147.08804	-163.51161	100.0	-508.4474	3.0517578e-05	-508.44742	-508.44742	505000	4.348755e-08	203420.66	-0.0019776924	0.0	1.7682457	0.003259	0.0218	79.0	357.862779378891
101	-153.62697	4.4524074	-144.25746	-165.86911	100.0	-508.4474	3.0517578e-05	-508.44742	-508.44742	510000	3.2043456e-08	203415.45	-0.0024231903	0.0	1.7546929	0.0048835967	0.026	79.0	361.46717619895935
102	-152.38109	3.687757	-142.51205	-162.20871	100.0	-508.4474	3.0517578e-05	-508.44742	-508.44742	515000	-1.8310548e-08	203877.34	-0.0031248038	0.0	1.7054776	0.0046077706	0.0332	79.0	365.03294348716736
103	-153.2367	4.1347933	-146.12389	-165.94792	100.0	-508.4474	3.0517578e-05	-508.44742	-508.44742	520000	-3.7384034e-08	203643.75	-0.0034386779	0.0	1.7360512	0.007693948	0.0356	79.0	368.6461491584778
104	-153.6568	4.0227046	-145.42566	-164.92873	100.0	-508.4474	3.0517578e-05	-508.44742	-508.44742	525000	-6.790161e-08	203421.2	-0.0011666329	0.0	1.6766979	0.003288173	0.0072	79.0	372.2249517440796
105	-151.58598	3.8142476	-143.97401	-161.30736	100.0	-508.4474	3.0517578e-05	-508.44742	-508.44742	530000	4.577637e-09	204334.77	-0.0032021233	0.0	1.6637117	0.0028327277	0.0304	79.0	375.87070965766907
106	-152.1419	4.765637	-142.01105	-163.42595	100.0	-508.4474	3.0517578e-05	-508.44742	-508.44742	535000	2.1362304e-08	204207.25	-0.0022294244	0.0	1.6433567	0.004149752	0.0236	79.0	379.5072476863861
107	-151.2602	5.3328657	-141.91484	-173.1574	100.0	-508.4474	3.0517578e-05	-508.44742	-508.44742	540000	-7.019043e-08	204169.02	-0.003405893	0.0	1.6020273	0.0029738753	0.035	79.0	383.06905364990234
108	-149.74716	4.0306225	-142.78021	-161.19508	100.0	-508.4474	3.0517578e-05	-508.44742	-508.44742	545000	-7.6293943e-10	204832.45	-0.0010122764	0.0	1.5202893	0.0028627948	0.0104	79.0	386.64247703552246
109	-150.74013	10.938729	-141.3684	-223.16597	100.0	-508.4474	3.0517578e-05	-508.44742	-508.44742	550000	6.5612795e-08	204193.48	-0.0016850678	0.0	1.4836138	0.0034281474	0.0256	79.0	390.30904054641724
110	-150.17627	3.3925264	-143.73824	-161.55775	100.0	-508.4474	3.0517578e-05	-508.44742	-508.44742	555000	3.967285e-08	204569.31	-0.0029867683	0.0	1.4872895	0.0023634487	0.0242	79.0	394.2055609226227
111	-150.68225	4.17097	-142.57314	-158.86038	100.0	-508.4474	3.0517578e-05	-508.44742	-508.44742	560000	6.3323974e-08	204532.25	-0.0021412622	0.0	1.5111463	0.0027741475	0.0244	79.0	397.76352167129517
112	-150.13531	6.0171304	-141.49289	-184.87251	100.0	-508.4474	3.0517578e-05	-508.44742	-508.44742	565000	-9.918213e-09	204643.08	-0.0021257475	0.0	1.4555199	0.003049506	0.0296	79.0	401.41269397735596
113	-151.46378	14.506977	-141.63748	-249.36487	100.0	-508.4474	3.0517578e-05	-508.44742	-508.44742	570000	-3.7384034e-08	203984.17	-0.0011988365	0.0	1.4276543	0.0011026325	0.0128	79.0	405.01301169395447
114	-148.62856	3.0542397	-141.81375	-153.61444	100.0	-508.4474	3.0517578e-05	-508.44742	-508.44742	575000	5.0354004e-08	205195.16	-0.0012167366	0.0	1.4051362	0.0030166865	0.011	79.0	408.61899518966675
115	-149.50748	3.8804417	-142.26102	-160.0655	100.0	-508.4474	3.0517578e-05	-508.44742	-508.44742	580000	-2.1362304e-08	204942.31	-0.0021893585	0.0	1.4375229	0.005807519	0.0234	79.0	412.2512035369873
116	-147.29411	3.3807197	-140.96783	-155.56145	100.0	-508.4474	3.0517578e-05	-508.44742	-508.44742	585000	-1.14440915e-07	205620.38	-0.00366452	0.0	1.3473746	0.0026659686	0.0358	79.0	415.81737446784973
117	-147.47968	4.5544624	-140.88039	-167.40163	100.0	-508.4474	3.0517578e-05	-508.44742	-508.44742	590000	7.2479246e-08	205599.39	-0.0015354753	0.0	1.3635788	0.004093186	0.017	79.0	419.41021609306335
118	-145.51309	3.0932927	-140.84541	-156.58289	100.0	-508.4474	3.0517578e-05	-508.44742	-508.44742	595000	4.5776368e-08	206197.86	-0.0020155702	0.0	1.2999182	0.0030607644	0.0212	79.0	423.0573728084564
119	-146.6074	3.229566	-140.12735	-155.06082	100.0	-508.4474	3.0517578e-05	-508.44742	-508.44742	600000	-2.2888184e-08	205854.36	-0.0044982047	0.0	1.3016686	0.005928619	0.04	79.0	426.60575342178345
120	-146.13913	3.2574039	-139.91856	-155.57277	100.0	-508.4474	3.0517578e-05	-508.44742	-508.44742	605000	3.8146972e-08	206004.53	-0.0026364548	0.0	1.2500701	0.0034986106	0.0356	79.0	430.4787781238556
121	-146.26778	3.7370262	-138.54613	-157.64983	100.0	-508.4474	3.0517578e-05	-508.44742	-508.44742	610000	4.5776368e-08	206065.48	-0.002044163	0.0	1.2501781	0.004659595	0.0274	79.0	434.1407821178436
122	-144.63483	3.044625	-138.7813	-151.54582	100.0	-508.4474	3.0517578e-05	-508.44742	-508.44742	615000	1.6021728e-08	206477.06	-0.0019355805	0.0	1.2229117	0.002643256	0.0182	79.0	437.7288234233856
123	-144.25754	3.248037	-138.57574	-156.9229	100.0	-508.4474	3.0517578e-05	-508.44742	-508.44742	620000	-6.866455e-09	206739.2	-0.0026969758	0.0	1.1927428	0.0033809578	0.0262	79.0	441.343453168869
124	-143.05138	2.528193	-137.58464	-151.61061	100.0	-508.4474	3.0517578e-05	-508.44742	-508.44742	625000	-3.4332274e-08	206992.89	-0.001685675	0.0	1.1367965	0.0033082962	0.0218	79.0	444.95456767082214
125	-144.05795	2.9669914	-138.15036	-152.79504	100.0	-508.4474	3.0517578e-05	-508.44742	-508.44742	630000	-6.2561035e-08	206837.12	-0.003497766	0.0	1.1187506	0.005578688	0.0384	79.0	448.51890110969543
126	-146.05313	23.650877	-135.91216	-310.24817	100.0	-508.4474	3.0517578e-05	-508.44742	-508.44742	635000	-6.637573e-08	206187.05	-0.0008600212	0.0	1.0569879	0.0028318486	0.0094	79.0	452.1913902759552
127	-143.2498	2.9698193	-136.77098	-149.68224	100.0	-508.4474	3.0517578e-05	-508.44742	-508.44742	640000	1.0681152e-08	207043.06	-0.0024746223	0.0	1.0537107	0.0047914498	0.021	79.0	455.7232549190521
128	-142.09048	2.407489	-136.892	-149.75194	100.0	-508.4474	3.0517578e-05	-508.44742	-508.44742	645000	5.7220458e-08	207381.78	-0.0019166275	0.0	1.0249339	0.0044761156	0.021	79.0	459.4069311618805
129	-141.19777	2.561592	-136.38799	-151.76256	100.0	-508.4474	3.0517578e-05	-508.44742	-508.44742	650000	1.3427734e-07	207674.44	-0.0032319513	0.0	1.0436052	0.0011036828	0.0432	79.0	463.10158014297485
130	-141.02905	3.0921926	-134.60068	-149.28052	100.0	-508.4474	3.0517578e-05	-508.44742	-508.44742	655000	2.2888185e-09	207844.0	-0.0027512086	0.0	0.98039	0.0043604556	0.0302	79.0	467.0140714645386
131	-139.11455	2.1618416	-133.53937	-144.28217	100.0	-508.4474	3.0517578e-05	-508.44742	-508.44742	660000	-5.0354004e-08	208275.4	-0.0017483825	0.0	0.9401709	0.0026666478	0.0164	79.0	470.6334171295166
132	-139.4334	2.3629458	-135.55884	-144.91089	100.0	-508.4474	3.0517578e-05	-508.44742	-508.44742	665000	1.2664795e-07	208304.84	-0.0026077828	0.0	0.9633371	0.0036424156	0.0316	79.0	474.23578000068665
133	-139.27841	2.408754	-134.24573	-146.74947	100.0	-508.4474	3.0517578e-05	-508.44742	-508.44742	670000	8.621216e-08	208264.9	-0.0019435998	0.0	0.9675117	0.0025224364	0.0204	79.0	477.8588216304779
134	-138.65337	2.2501676	-132.89003	-144.5648	100.0	-508.4474	3.0517578e-05	-508.44742	-508.44742	675000	-2.4414062e-08	208598.69	-0.002724559	0.0	0.9564873	0.006169432	0.0304	79.0	481.59949469566345
135	-136.49776	2.0675087	-132.88275	-141.80629	100.0	-508.4474	3.0517578e-05	-508.44742	-508.44742	680000	1.1444092e-08	209287.39	-0.0021240525	0.0	0.8671678	0.003346431	0.025	79.0	485.18814492225647
136	-136.6884	1.9932282	-133.57547	-142.33667	100.0	-508.4474	3.0517578e-05	-508.44742	-508.44742	685000	3.4332274e-08	209184.2	-0.0013810516	0.0	0.85829335	0.004335258	0.0178	79.0	488.851443529129
137	-136.19688	2.1342454	-131.92221	-140.94122	100.0	-508.4474	3.0517578e-05	-508.44742	-508.44742	690000	-3.6621095e-08	209371.64	-0.002508773	0.0	0.83377314	0.004008867	0.026	79.0	492.5009729862213
138	-136.2165	2.1528156	-131.06892	-140.85246	100.0	-508.4474	3.0517578e-05	-508.44742	-508.44742	695000	-3.2806398e-08	209323.02	-0.0013392158	0.0	0.8345458	0.003805391	0.0202	79.0	496.0722761154175
139	-135.09645	1.8755529	-132.13515	-139.278	100.0	-508.4474	3.0517578e-05	-508.44742	-508.44742	700000	1.0528564e-07	209715.33	-0.0026959556	0.0	0.80739033	0.003142805	0.0308	79.0	499.73212909698486
140	-135.18916	1.8838232	-131.19734	-139.87474	100.0	-508.4474	3.0517578e-05	-508.44742	-508.44742	705000	-9.765625e-08	209631.16	-0.0023565493	0.0	0.81679857	0.0059723225	0.0202	79.0	503.6715250015259
141	-135.53877	2.1724284	-131.38477	-141.53595	100.0	-508.4474	3.0517578e-05	-508.44742	-508.44742	710000	1.8310548e-08	209572.53	-0.0012873245	0.0	0.77127326	0.002508305	0.0132	79.0	507.35822057724
142	-136.09587	1.852227	-132.31265	-141.78482	100.0	-508.4474	3.0517578e-05	-508.44742	-508.44742	715000	4.4250488e-08	209484.03	-0.002456652	0.0	0.7817189	0.0039371303	0.0296	79.0	510.9946472644806
143	-135.08714	2.0600228	-130.50742	-139.40923	100.0	-508.4474	3.0517578e-05	-508.44742	-508.44742	720000	-1.5258789e-09	209704.39	-0.0036733367	0.0	0.77192694	0.0074104965	0.0418	79.0	514.6041893959045
144	-135.2596	1.6375751	-131.85748	-138.88062	100.0	-508.4474	3.0517578e-05	-508.44742	-508.44742	725000	4.2724608e-08	209668.83	-0.0023140176	0.0	0.7465829	0.005899599	0.0284	79.0	518.3878481388092
145	-134.56683	1.8595916	-131.72356	-138.62738	100.0	-508.4474	3.0517578e-05	-508.44742	-508.44742	730000	5.264282e-08	209899.3	-0.0018979965	0.0	0.7250316	0.004024091	0.0216	79.0	521.8731300830841
146	-133.80862	1.8022717	-130.28326	-139.89032	100.0	-508.4474	3.0517578e-05	-508.44742	-508.44742	735000	7.629395e-09	210206.56	-0.0017361817	0.0	0.7247296	0.002206234	0.0186	79.0	525.5623548030853
147	-133.51216	1.4521093	-130.14874	-136.64641	100.0	-508.4474	3.0517578e-05	-508.44742	-508.44742	740000	-6.866455e-08	210203.39	-0.0013988357	0.0	0.74575514	0.004345223	0.0146	79.0	529.1707701683044
148	-133.9891	1.4715332	-130.42653	-137.52254	100.0	-508.4474	3.0517578e-05	-508.44742	-508.44742	745000	7.781983e-08	210107.73	-0.0028153595	0.0	0.76033646	0.0026575492	0.0326	79.0	532.7766473293304
149	-133.4898	1.6541129	-130.57994	-136.83418	100.0	-508.4474	3.0517578e-05	-508.44742	-508.44742	750000	1.0375977e-07	210275.77	-0.001576052	0.0	0.7360239	0.0018327317	0.018	79.0	536.4409985542297
150	-132.99838	2.0000362	-128.81738	-137.73982	100.0	-508.4474	3.0517578e-05	-508.44742	-508.44742	755000	2.2888184e-08	210423.06	-0.0015302575	0.0	0.716794	0.004077813	0.022	79.0	540.3922054767609
151	-132.70804	1.6074287	-130.23712	-136.6085	100.0	-508.4474	3.0517578e-05	-508.44742	-508.44742	760000	-1.2588501e-07	210486.55	-0.0010319649	-0.6875	0.7108984	0.004368369	0.0148	79.0	543.9627385139465
152	-132.86336	1.7975736	-129.58221	-137.26346	100.0	-508.4467	3.0517578e-05	-508.44666	-508.44666	765000	-7.400513e-08	210441.34	-0.0016752967	-2.046875	0.71677303	0.0017248939	0.0232	79.0	547.5864667892456
153	-132.61824	1.5508517	-129.92638	-137.49533	100.0	-508.4444	0.0	-508.4444	-508.4444	770000	6.1035155e-09	210510.2	-0.0010646308	-2.046875	0.6982485	0.0022327595	0.0102	79.0	551.2830421924591
154	-133.0921	1.5531231	-130.29675	-137.11516	100.0	-508.4421	3.0517578e-05	-508.44208	-508.44208	775000	-7.629395e-09	210360.16	-0.0015312759	-2.140625	0.6861698	0.003400879	0.0172	79.0	554.9593415260315
155	-133.49101	1.8208163	-129.37685	-137.7335	100.0	-508.4398	3.0517578e-05	-508.43976	-508.43976	780000	1.373291e-08	210242.17	-0.0023620026	-2.09375	0.68849576	0.003930294	0.029	79.0	558.5813791751862
156	-133.17908	1.7347989	-129.9564	-137.54045	100.0	-508.43744	6.1035156e-05	-508.43738	-508.43738	785000	7.5531005e-08	210251.53	-0.0032482687	-2.171875	0.7134912	0.003695329	0.0352	79.0	562.2030522823334
157	-132.77591	1.6742115	-128.17555	-136.90393	100.0	-508.435	3.0517578e-05	-508.43503	-508.43503	790000	-9.613037e-08	210493.88	-0.0032602577	-2.265625	0.6252828	0.005117438	0.04	79.0	565.8922679424286
158	-133.58585	1.975647	-129.55647	-138.51956	100.0	-508.4326	3.0517578e-05	-508.43256	-508.43256	795000	-4.043579e-08	210260.92	-0.0031435485	-2.1875	0.64209646	0.0054136063	0.0346	79.0	569.372748374939
159	-133.00465	1.752407	-129.70152	-137.1385	100.0	-508.4302	0.0	-508.4302	-508.4302	800000	-1.2969971e-08	210373.88	-0.0019138687	-2.125	0.63048625	0.0026190085	0.0222	79.0	572.9819488525391
160	-132.55261	1.7285967	-129.83354	-136.90842	100.0	-508.4278	0.0	-508.4278	-508.4278	805000	-8.010864e-08	210485.97	-0.0023578706	-2.21875	0.6290531	0.0030132052	0.0244	79.0	576.8742167949677
161	-132.70819	1.715739	-129.79044	-138.41225	100.0	-508.4254	3.0517578e-05	-508.42538	-508.42538	810000	-3.1280518e-08	210551.52	-0.002853627	-2.234375	0.6246451	0.0033212083	0.0356	79.0	580.4479029178619
162	-132.41608	1.3739935	-129.51466	-135.71991	100.0	-508.4229	6.1035156e-05	-508.42297	-508.42297	815000	-1.1901855e-07	210575.97	-0.0017232789	-2.203125	0.6053152	0.0037907294	0.0208	79.0	584.0771796703339
163	-133.45479	1.4969976	-128.90266	-136.06783	100.0	-508.4205	0.0	-508.4205	-508.4205	820000	6.1035155e-09	210254.27	-0.0009675308	-2.1875	0.61189663	0.0017916332	0.0108	79.0	587.7485406398773
164	-133.53487	1.72432	-129.9469	-138.12064	100.0	-508.4182	6.1035156e-05	-508.41815	-508.41815	825000	-3.051758e-08	210213.34	-0.001993943	-2.1875	0.59906805	0.004841215	0.0234	79.0	591.3769626617432
165	-134.13411	1.7693249	-129.89436	-138.20569	100.0	-508.4158	3.0517578e-05	-508.41577	-508.41577	830000	8.31604e-08	209988.69	-0.0021805144	-2.234375	0.54573596	0.0023614056	0.0154	79.0	595.080246925354
166	-135.10883	2.0113244	-131.16953	-139.09514	100.0	-508.41324	6.1035156e-05	-508.4133	-508.4133	835000	-8.010864e-08	209665.31	-0.0012599472	-2.171875	0.5334964	0.0011484876	0.0158	79.0	598.7574987411499
167	-135.40181	2.1059005	-132.0154	-140.26106	100.0	-508.41095	3.0517578e-05	-508.41092	-508.41092	840000	-7.400513e-08	209559.75	-0.0029029655	-2.3125	0.51541555	0.006515462	0.034	79.0	602.3446288108826
168	-135.40137	1.9303544	-131.70267	-140.23807	100.0	-508.4085	3.0517578e-05	-508.40848	-508.40848	845000	2.89917e-08	209652.36	-0.0022168122	-3.75	0.5266812	0.0044876668	0.0256	79.0	606.0008270740509
169	-135.10641	1.88912	-131.52914	-139.90297	100.0	-508.40436	3.0517578e-05	-508.40433	-508.40433	850000	-6.942749e-08	209757.55	-0.002276873	-9.46875	0.47024435	0.0033406895	0.026	79.0	609.7023458480835
170	-133.88817	1.5164309	-130.30905	-137.61131	100.0	-508.394	9.1552734e-05	-508.39392	-508.39392	855000	-4.7302247e-08	210059.88	-0.0012635521	-10.328125	0.4379362	0.0045014345	0.0188	79.0	613.6200685501099
171	-134.07202	1.4384052	-130.987	-137.86664	100.0	-508.3826	3.0517578e-05	-508.38263	-508.38263	860000	6.866455e-08	209981.62	-0.0017903054	-10.4375	0.42158055	0.0050026122	0.0176	79.0	617.073130607605
172	-134.1033	1.6719115	-130.75084	-138.37567	100.0	-508.3711	0.00012207031	-508.37122	-508.37122	865000	-1.6326905e-07	209959.05	-0.001486345	-10.375	0.44375372	0.0026044229	0.0174	79.0	620.7339634895325
173	-134.46326	1.9563851	-131.28644	-139.30951	100.0	-508.3599	0.0	-508.3599	-508.3599	870000	4.8828124e-08	209828.3	-0.0011923416	-10.4375	0.43758672	0.004637373	0.0196	79.0	624.324923992157
174	-135.4997	2.385557	-130.4287	-143.42563	100.0	-508.34854	0.0	-508.34854	-508.34854	875000	8.9263914e-08	209518.03	-0.0015494751	-10.40625	0.43126714	0.0045666476	0.0208	79.0	627.978905916214
175	-134.43349	2.1719267	-130.79645	-139.99155	100.0	-508.33704	3.0517578e-05	-508.33707	-508.33707	880000	-3.5095216e-08	209891.86	-0.0010997636	-10.359375	0.3867529	0.00388956	0.0116	79.0	631.4919776916504
176	-133.56714	1.8534648	-129.14853	-139.5583	100.0	-508.3257	3.0517578e-05	-508.32568	-508.32568	885000	-1.5258789e-07	210107.36	-0.0020083024	-10.40625	0.38026786	0.0032172545	0.0292	79.0	635.0738127231598
177	-132.83725	1.8155941	-129.29091	-138.14684	100.0	-508.3144	6.1035156e-05	-508.31433	-508.31433	890000	9.4604495e-08	210368.03	-0.0022671737	-10.359375	0.27831933	0.0009923094	0.0244	79.0	638.5495021343231
178	-133.59883	1.527862	-130.38857	-137.36507	100.0	-508.3029	6.1035156e-05	-508.30295	-508.30295	895000	-1.7089843e-07	210068.75	-0.0022698562	-10.640625	0.24946631	0.0025679467	0.0266	79.0	642.0537383556366
179	-134.69572	1.9419755	-131.02963	-138.96173	100.0	-508.29144	3.0517578e-05	-508.2914	-508.2914	900000	8.773804e-08	209660.0	-0.002164904	-11.96875	0.27916172	0.002656275	0.0298	79.0	645.6075584888458
180	-134.93307	2.1103735	-130.88304	-141.09406	100.0	-508.27826	3.0517578e-05	-508.2783	-508.2783	905000	3.0517577e-09	209630.58	-0.0015395683	-12.59375	0.22430576	0.0031486978	0.0208	79.0	649.5668423175812
181	-134.21483	1.9064564	-130.54901	-137.87032	100.0	-508.2646	3.0517578e-05	-508.26456	-508.26456	910000	4.2724608e-08	209828.94	-0.0026977395	-12.59375	0.16733488	0.004634451	0.0278	79.0	653.1193912029266
182	-134.69637	1.7209399	-131.269	-139.86636	100.0	-508.2508	3.0517578e-05	-508.25082	-508.25082	915000	-8.392334e-08	209700.66	-0.0026821215	-12.625	0.14123404	0.007170229	0.031	79.0	656.7513825893402
183	-133.08853	1.5271544	-129.61691	-137.2316	100.0	-508.2371	0.0	-508.2371	-508.2371	920000	-5.0354004e-08	210192.75	-0.0029486055	-12.625	0.12459128	0.0026826411	0.0348	79.0	660.423540353775
184	-132.96901	1.8217231	-129.83743	-137.46938	100.0	-508.22336	3.0517578e-05	-508.22333	-508.22333	925000	-3.5095216e-08	210207.33	-0.002305362	-12.578125	0.13475294	0.001994584	0.0182	79.0	663.9920959472656
185	-133.16066	1.5554172	-129.4373	-136.65219	100.0	-508.20956	3.0517578e-05	-508.2096	-508.2096	930000	-9.689331e-08	210150.83	-0.0012438386	-12.609375	0.16559348	0.0038811998	0.0156	79.0	667.6059014797211
186	-132.58647	1.5566728	-129.83128	-137.74588	100.0	-508.1958	0.0	-508.1958	-508.1958	935000	-2.9754638e-08	210369.64	-0.0019240302	-12.59375	0.13302915	0.0029970917	0.0212	79.0	671.2145092487335
187	-132.03943	1.8056868	-128.83727	-136.44987	100.0	-508.1821	6.1035156e-05	-508.18204	-508.18204	940000	1.9073486e-08	210480.03	-0.0011589013	-12.671875	0.12830591	0.0031715652	0.0124	79.0	674.8169913291931
188	-131.44225	1.6031426	-127.523796	-134.88115	100.0	-508.1683	6.1035156e-05	-508.16824	-508.16824	945000	-5.1116942e-08	210725.28	-0.0023984183	-12.609375	0.14123428	0.004225383	0.0268	79.0	678.4361453056335
189	-131.29836	1.4847708	-128.42468	-134.37683	100.0	-508.15445	0.0	-508.15445	-508.15445	950000	4.5776368e-08	210687.28	-0.0028120417	-12.625	0.10968627	0.003445179	0.0306	79.0	682.1277992725372
190	-131.88622	1.774131	-127.68778	-136.911	100.0	-508.1407	3.0517578e-05	-508.14066	-508.14066	955000	-7.6293943e-10	210480.12	-0.00207603	-12.6875	0.10358603	0.0037535992	0.028	79.0	686.0952022075653
191	-132.68237	1.4031821	-129.24185	-135.76804	100.0	-508.1269	3.0517578e-05	-508.12686	-508.12686	960000	-9.765625e-08	210224.2	-0.0018963837	-13.109375	0.054323457	0.0049316753	0.0208	79.0	689.6869964599609
192	-132.58728	1.4718125	-129.88937	-136.08125	100.0	-508.1126	0.0	-508.1126	-508.1126	965000	9.536743e-08	210258.2	-0.0024961242	-14.46875	0.09687674	0.0036344659	0.0344	79.0	693.3291733264923
193	-131.94244	1.8072319	-128.63965	-137.3179	100.0	-508.09674	0.0	-508.09674	-508.09674	970000	1.1138916e-07	210445.2	-0.0031024283	-14.78125	0.08228721	0.006964441	0.0386	79.0	696.850590467453
194	-132.36996	1.7517551	-129.0468	-137.74017	100.0	-508.0806	6.1035156e-05	-508.08066	-508.08066	975000	3.5095216e-08	210277.42	-0.002265629	-14.875	0.0149397785	0.005136184	0.0282	79.0	700.350316286087
195	-131.59953	1.7477022	-128.1772	-136.68758	100.0	-508.0645	3.0517578e-05	-508.06448	-508.06448	980000	3.4332274e-08	210602.14	-0.002585086	-15.0	0.024738647	0.006023884	0.0302	79.0	704.0732645988464
196	-130.89374	1.4832047	-127.29867	-134.95079	100.0	-508.0482	0.0	-508.0482	-508.0482	985000	8.010864e-08	210698.53	-0.0032669173	-20.328125	0.092713915	0.0047796443	0.04	79.0	707.6538536548615
197	-131.6513	1.3863579	-128.57153	-134.01474	100.0	-508.02594	6.1035156e-05	-508.026	-508.026	990000	-8.5449216e-08	210455.78	-0.0032734573	-22.890625	0.08724492	0.002901765	0.035	79.0	711.2293758392334
198	-131.37955	1.8395034	-128.50342	-136.04199	100.0	-508.001	3.0517578e-05	-508.00098	-508.00098	995000	-4.8828124e-08	210501.34	-0.002161733	-23.0625	0.09964366	0.004676731	0.0244	79.0	714.8627691268921
199	-132.5168	1.5560108	-130.1139	-136.64217	100.0	-507.97586	0.0	-507.97586	-507.97586	1000000	2.2125244e-08	210158.12	-0.0015874512	-23.078125	0.044373322	0.003455458	0.0154	79.0	718.4879729747772
200	-132.52951	1.5181376	-129.57997	-137.61595	100.0	-507.9506	6.1035156e-05	-507.95065	-507.95065	1005000	6.1035155e-09	210072.81	-0.0018457916	-24.453125	0.027545206	0.0016243714	0.0136	79.0	722.5185344219208
201	-133.26471	1.6940371	-129.69165	-137.37856	100.0	-507.924	3.0517578e-05	-507.92404	-507.92404	1010000	5.645752e-08	209858.16	-0.0023720122	-25.046875	0.06206253	0.007112529	0.0356	79.0	726.0762667655945
202	-132.30646	1.8672198	-128.53812	-137.08122	100.0	-507.89655	3.0517578e-05	-507.89658	-507.89658	1015000	4.9591065e-08	210133.4	-0.00072946475	-25.140625	0.002580397	0.0018191523	0.0056	79.0	729.7642269134521
203	-133.48625	1.4987315	-130.50655	-137.94717	100.0	-507.8691	6.1035156e-05	-507.86905	-507.86905	1020000	1.4190674e-07	209704.39	-0.0015227585	-25.078125	0.04314307	0.0028322716	0.0208	79.0	733.2859950065613
204	-133.95241	1.6756487	-130.18904	-138.4899	100.0	-507.8416	6.1035156e-05	-507.84155	-507.84155	1025000	5.9509276e-08	209511.23	-0.003481769	-25.140625	0.024872039	0.0032614616	0.0396	79.0	736.8667321205139
205	-134.35558	1.9388226	-131.1554	-139.12177	100.0	-507.814	3.0517578e-05	-507.81403	-507.81403	1030000	5.41687e-08	209375.95	-0.0020522638	-25.15625	-0.0369017	0.006338415	0.027	79.0	740.5109663009644
206	-134.63779	1.863018	-130.42001	-140.09317	100.0	-507.78644	3.0517578e-05	-507.78647	-507.78647	1035000	-1.14440915e-07	209257.78	-0.0027744574	-26.0	-0.010508408	0.0028969839	0.0326	79.0	744.0443818569183
207	-134.05296	1.5302664	-129.18074	-137.58728	100.0	-507.758	3.0517578e-05	-507.75803	-507.75803	1040000	5.3405763e-08	209429.4	-0.0010628075	-27.1875	-0.07165046	0.0023693105	0.0104	79.0	747.5832312107086
208	-134.44356	1.6265535	-130.28937	-137.713	100.0	-507.7283	0.0	-507.7283	-507.7283	1045000	6.5612795e-08	209331.45	-0.0019756074	-27.90625	-0.048827466	0.005442382	0.0306	79.0	751.2004828453064
209	-134.31726	1.8031459	-129.37807	-137.7759	100.0	-507.6978	6.1035156e-05	-507.69775	-507.69775	1050000	2.746582e-08	209329.73	-0.0018582138	-33.578125	-0.07060184	0.0037562272	0.0212	79.0	754.6873958110809
210	-133.50722	1.4911876	-129.9343	-136.55893	100.0	-507.66104	3.0517578e-05	-507.66107	-507.66107	1055000	4.119873e-08	209556.78	-0.0016663589	-35.375	-0.07593829	0.00406536	0.0226	79.0	758.6656682491302
211	-133.09822	1.678989	-129.38866	-138.14519	100.0	-507.6223	6.1035156e-05	-507.62225	-507.62225	1060000	-1.9836426e-08	209673.4	-0.0022180313	-36.328125	-0.12773496	0.0033678673	0.0212	79.0	762.1930067539215
212	-132.36348	1.726549	-128.39128	-136.52531	100.0	-507.58255	0.0	-507.58255	-507.58255	1065000	5.493164e-08	209902.05	-0.0028360535	-37.625	-0.113525525	0.0055161775	0.0336	79.0	765.8331871032715
213	-131.04674	1.6467227	-127.38302	-134.73253	100.0	-507.54144	6.1035156e-05	-507.54138	-507.54138	1070000	9.613037e-08	210234.0	-0.0013081566	-37.75	-0.17748933	0.0038234	0.0188	79.0	769.4784798622131
214	-130.9308	1.2456497	-127.09189	-133.39468	100.0	-507.50015	0.0	-507.50015	-507.50015	1075000	-6.2561035e-08	210289.48	-0.0025227135	-37.765625	-0.22424825	0.001509071	0.032	79.0	773.0707652568817
215	-129.93068	1.6195104	-126.30718	-133.03548	100.0	-507.45895	9.1552734e-05	-507.45886	-507.45886	1080000	8.010864e-08	210548.9	-0.0019326027	-38.421875	-0.24163462	0.0035544739	0.0188	79.0	776.6391892433167
216	-130.31311	1.5141971	-126.358185	-132.75735	100.0	-507.41696	0.0	-507.41696	-507.41696	1085000	-4.4250488e-08	210374.89	-0.0026690583	-39.84375	-0.26010475	0.0035762012	0.0226	79.0	780.2062382698059
217	-130.48145	1.5677125	-127.49931	-133.48914	100.0	-507.3735	3.0517578e-05	-507.37347	-507.37347	1090000	-3.5858154e-08	210301.83	-0.0031354134	-44.015625	-0.20325574	0.0046853353	0.0374	79.0	783.8220183849335
218	-129.82526	1.2715693	-127.30169	-132.76413	100.0	-507.3254	3.0517578e-05	-507.32538	-507.32538	1095000	-8.468628e-08	210467.86	-0.0028721893	-47.96875	-0.21485771	0.005732154	0.039	79.0	787.4273457527161
219	-130.16814	1.4674617	-126.71939	-134.05144	100.0	-507.27316	6.1035156e-05	-507.2731	-507.2731	1100000	1.083374e-07	210268.31	-0.0019061684	-49.484375	-0.26035	0.0046996484	0.026	79.0	791.0382030010223
220	-129.91473	1.6278158	-126.11032	-133.49712	100.0	-507.21906	3.0517578e-05	-507.2191	-507.2191	1105000	3.2806398e-08	210373.17	-0.003228469	-50.453125	-0.3060437	0.0040957406	0.039	79.0	794.8546221256256
221	-129.45308	1.313383	-126.21262	-132.02126	100.0	-507.1641	0.0	-507.1641	-507.1641	1110000	0.0	210457.66	-0.0025651986	-50.40625	-0.31492844	0.003278627	0.0314	79.0	798.4734354019165
222	-129.7394	1.4124914	-127.06244	-133.68248	100.0	-507.1091	3.0517578e-05	-507.10907	-507.10907	1115000	-3.5095216e-08	210348.42	-0.0041595697	-51.390625	-0.37090167	0.005940643	0.0492	79.0	802.0082364082336
223	-128.87796	1.2562363	-125.964035	-131.49599	100.0	-507.0529	6.1035156e-05	-507.05295	-507.05295	1120000	-6.2561035e-08	210558.05	-0.0031406875	-54.65625	-0.40944862	0.005782848	0.051	79.0	805.491201877594
224	-128.43657	1.3348467	-125.6429	-131.27556	100.0	-506.9933	3.0517578e-05	-506.99332	-506.99332	1125000	8.69751e-08	210657.94	-0.0013030624	-60.234375	-0.43878478	0.0034126847	0.0146	79.0	809.0471782684326
225	-128.23485	1.5236018	-125.74403	-132.18732	100.0	-506.9277	9.1552734e-05	-506.9276	-506.9276	1130000	-8.31604e-08	210637.12	-0.0012250153	-62.28125	-0.4262007	0.002402673	0.0108	79.0	812.7123646736145
226	-128.48157	1.1243901	-125.944214	-130.87234	100.0	-506.8597	0.0	-506.8597	-506.8597	1135000	-9.307861e-08	210473.92	-0.0022044058	-62.921875	-0.428903	0.006269021	0.0198	79.0	816.3503949642181
227	-128.46227	1.3354121	-125.54657	-131.07571	100.0	-506.79095	3.0517578e-05	-506.791	-506.791	1140000	-3.6621095e-08	210486.02	-0.0015493262	-63.515625	-0.42227045	0.0022864304	0.0116	79.0	819.9332208633423
228	-127.700226	0.977832	-126.04737	-130.72551	100.0	-506.72165	3.0517578e-05	-506.72162	-506.72162	1145000	5.79834e-08	210654.39	-0.0021397057	-67.0	-0.4409338	0.0028821854	0.0278	79.0	823.6357374191284
229	-127.0572	1.2261515	-123.74989	-129.11057	100.0	-506.6485	0.0	-506.6485	-506.6485	1150000	2.5177002e-08	210745.73	-0.0015988029	-72.859375	-0.48424667	0.0031876145	0.0196	79.0	827.229031085968
230	-127.216354	1.1552662	-124.64959	-130.7747	100.0	-506.5691	3.0517578e-05	-506.56906	-506.56906	1155000	-5.645752e-08	210678.45	-0.0016530053	-75.15625	-0.515196	0.0038094537	0.019	79.0	831.2552518844604
231	-126.67505	1.3231238	-123.779785	-129.07074	100.0	-506.4871	3.0517578e-05	-506.48706	-506.48706	1160000	-1.449585e-08	210756.02	-0.0014282409	-75.75	-0.52046007	0.0028680398	0.0138	79.0	834.8201630115509
232	-127.01769	1.2043976	-124.57338	-130.38316	100.0	-506.4045	3.0517578e-05	-506.40448	-506.40448	1165000	-1.5258789e-09	210582.73	-0.0010904946	-78.3125	-0.44492704	0.005346503	0.0114	79.0	838.4145276546478
233	-126.20849	0.9760455	-124.40047	-128.10065	100.0	-506.3191	0.0	-506.3191	-506.3191	1170000	-1.373291e-08	210780.78	-0.002184285	-84.921875	-0.46094903	0.0036112648	0.0264	79.0	841.9879548549652
234	-125.54391	0.94622535	-122.82822	-127.82229	100.0	-506.2265	3.0517578e-05	-506.22647	-506.22647	1175000	1.17492675e-07	210917.3	-0.0029656282	-87.703125	-0.51622975	0.0067768763	0.036	79.0	845.665495634079
235	-125.5347	0.88811797	-123.990326	-127.38622	100.0	-506.1309	0.0	-506.1309	-506.1309	1180000	1.0070801e-07	210785.61	-0.002185682	-88.578125	-0.55738425	0.0053277626	0.0248	79.0	849.2238397598267
236	-125.87955	1.0561355	-123.23596	-127.99873	100.0	-506.03424	3.0517578e-05	-506.03427	-506.03427	1185000	3.5095216e-08	210659.22	-0.001077404	-93.59375	-0.5339964	0.004775971	0.0126	79.0	852.8076610565186
237	-125.4374	1.1826313	-123.06285	-129.05998	100.0	-505.9321	0.0	-505.9321	-505.9321	1190000	-6.637573e-08	210649.11	-0.0022023201	-99.125	-0.5229848	0.0015969081	0.023	79.0	856.4287569522858
238	-125.637474	1.0941504	-123.706696	-128.67166	100.0	-505.8241	3.0517578e-05	-505.82407	-505.82407	1195000	-4.9591065e-08	210525.9	-0.0028907196	-100.625	-0.51899356	0.005381118	0.0396	79.0	860.0002837181091
239	-125.433235	1.224788	-122.96817	-128.2097	100.0	-505.71414	3.0517578e-05	-505.71417	-505.71417	1200000	-1.5258789e-09	210479.12	-0.0020391173	-104.78125	-0.48288456	0.0031230568	0.0296	79.0	863.5946731567383
240	-125.984474	1.1370807	-123.19263	-129.51039	100.0	-505.5998	0.0	-505.5998	-505.5998	1205000	9.765625e-08	210211.83	-0.003079464	-111.171875	-0.5088902	0.0051802425	0.0406	79.0	867.6421120166779
241	-125.23305	1.0767684	-122.895325	-127.91993	100.0	-505.47845	6.1035156e-05	-505.4784	-505.4784	1210000	3.2043456e-08	210362.42	-0.0020772493	-113.25	-0.48140186	0.0042370954	0.0266	79.0	871.270105600357
242	-124.56321	0.90572065	-121.95253	-126.1692	100.0	-505.3548	3.0517578e-05	-505.35477	-505.35477	1215000	-1.487732e-07	210436.12	-0.00089046935	-119.046875	-0.5493944	0.0018593102	0.011	79.0	874.5962345600128
243	-124.657425	0.8362598	-122.93318	-127.13416	100.0	-505.22495	0.0	-505.22495	-505.22495	1220000	7.781983e-08	210260.94	-0.0016398948	-124.484375	-0.5646689	0.0025692207	0.019	79.0	877.7234516143799
244	-124.726555	1.0505581	-122.61763	-127.80233	100.0	-505.08896	0.0	-505.08896	-505.08896	1225000	3.051758e-08	210121.48	-0.003084224	-127.25	-0.5976204	0.007596458	0.0404	79.0	881.1487674713135
245	-125.37681	0.9047731	-123.771	-127.33605	100.0	-504.95	0.0	-504.95	-504.95	1230000	7.93457e-08	209828.42	-0.001945871	-134.67188	-0.65458214	0.00446379	0.0228	79.0	884.6576278209686
246	-125.20602	0.97711957	-122.88488	-127.54801	100.0	-504.8028	3.0517578e-05	-504.80283	-504.80283	1235000	9.765625e-08	209778.55	-0.0029510343	-138.07812	-0.5676171	0.0046679834	0.0318	79.0	888.2536618709564
247	-124.61371	0.8497418	-122.73472	-126.478836	100.0	-504.65195	6.1035156e-05	-504.6519	-504.6519	1240000	-1.01470945e-07	209801.83	-0.0017917587	-145.125	-0.6141634	0.0029067462	0.0202	79.0	891.9236996173859
248	-124.48451	0.9228137	-121.836586	-126.4319	100.0	-504.4932	6.1035156e-05	-504.49326	-504.49326	1245000	-5.493164e-08	209644.34	-0.002494821	-149.92188	-0.5864547	0.00546632	0.0272	79.0	895.6233837604523
249	-124.92385	0.9875821	-122.65675	-127.2074	100.0	-504.3293	3.0517578e-05	-504.32928	-504.32928	1250000	-7.6293943e-10	209422.95	-0.0018273132	-156.45312	-0.54751015	0.004449503	0.0274	79.0	899.5958113670349
